epoch,lr,train_all,train_hard,train_semihard,test_all,test_hard,test_semihard
0,nan,nan,nan,nan,0.40263665,0.76430905,0.49654198
1,2e-05,0.47333342,0.6102503,0.49655184,0.4708401,0.60031176,0.49727935
2,2e-05,0.47054914,0.5656242,0.49303406,0.47799775,0.5536511,0.4961579
3,2e-05,0.47550172,0.5308394,0.49248597,0.48160717,0.52924377,0.49526063
4,2e-05,0.4762994,0.51938206,0.49334452,0.48258695,0.5214033,0.4953487
5,2e-05,0.475114,0.51294434,0.49209017,0.48073786,0.5161188,0.49399012
6,2e-05,0.47541857,0.50865376,0.4909113,0.4763037,0.51223344,0.49198222
7,2e-05,0.48548242,0.5090933,0.49379438,0.47626072,0.5078511,0.49042514
8,2e-05,0.49027383,0.5088573,0.4961667,0.47636655,0.5058294,0.49032146
9,2e-05,0.491847,0.507227,0.496348,0.4762042,0.5044294,0.49010783
10,2e-05,0.4897548,0.50484025,0.49573103,0.4752127,0.50179327,0.48775834
11,2e-05,0.4889719,0.501896,0.4944803,0.4807662,0.5018372,0.48755753
12,2e-05,0.4962053,0.5021707,0.49722883,0.48514023,0.5029589,0.48879233
13,2e-05,0.49629167,0.5009767,0.49740738,0.48842007,0.50264335,0.48843223
14,2e-05,0.4988734,0.5012158,0.49899894,0.49131033,0.5059928,0.49079698
15,2e-05,0.49917173,0.50097096,0.499212,0.49365157,0.5061274,0.49129105
16,2e-05,0.49942282,0.50079596,0.49944496,0.4951611,0.5071132,0.49144766
