epoch,lr,train_loss,test_loss
0,nan,nan,0.9514783
1,0.001,0.8470482,0.89279205
2,0.001,0.8178937,0.8820832
3,0.001,0.8057581,0.87725085
4,0.001,0.7955243,0.8714989
5,0.001,0.7886854,0.8673529
6,0.001,0.7833058,0.8649655
7,0.001,0.77837294,0.86142653
8,0.001,0.7732695,0.85979456
9,0.001,0.7691656,0.8594024
10,0.001,0.7664977,0.85867536
11,0.001,0.7629096,0.8554419
12,0.001,0.76050013,0.8540898
13,0.001,0.7571589,0.85424703
14,0.001,0.7554429,0.85486525
15,0.001,0.75263345,0.85204643
16,0.001,0.7511861,0.8513966
17,0.001,0.7493085,0.8512044
18,0.001,0.7477805,0.85124964
19,0.001,0.74538004,0.8485747
20,0.001,0.7443617,0.8493576
21,0.001,0.7425761,0.8469538
22,0.001,0.7416079,0.8482245
23,0.0005,0.73992443,0.8461558
24,0.0005,0.7392448,0.8479763
25,0.0005,0.73831254,0.8475448
26,0.0005,0.7379225,0.84687626
27,0.0005,0.7373621,0.84712744
28,0.0005,0.73720616,0.84664035
29,0.00025,0.73627126,0.8468417
30,0.00025,0.73573965,0.84729224
