epoch,lr,train_loss,test_loss
0,nan,nan,1.1382916
1,0.001,1.1044558,1.1358144
2,0.001,1.0896198,1.1298932
3,0.001,1.0775008,1.1181587
4,0.001,1.0642469,1.1306157
5,0.001,1.053069,1.1161493
6,0.001,1.0438755,1.1111621
7,0.001,1.0342209,1.1077213
8,0.001,1.0252267,1.0961597
9,0.001,1.0162165,1.0885724
10,0.001,1.0067741,1.0853516
11,0.001,0.9990268,1.0728704
12,0.001,0.9909562,1.0723023
13,0.001,0.9826621,1.05935
14,0.001,0.97546405,1.0668484
15,0.001,0.96834004,1.0573405
16,0.001,0.9609757,1.0482135
17,0.001,0.952872,1.0386981
18,0.001,0.94570434,1.03938
19,0.001,0.9373976,1.0363805
20,0.001,0.9315167,1.0210665
21,0.001,0.9250496,1.0230303
22,0.001,0.91759264,1.0170894
23,0.001,0.9116565,1.0087287
