epoch,lr,train_loss,test_loss
0,nan,nan,1.2020365
1,1e-04,1.1850727,1.2019999
2,1e-04,1.1831253,1.2007186
3,1e-04,1.1788815,1.1994171
4,1e-04,1.1766613,1.1971543
5,1e-04,1.1754985,1.1953315
6,1e-04,1.1720941,1.1948403
7,1e-04,1.1702384,1.1927034
8,1e-04,1.1673294,1.1917706
9,1e-04,1.1656814,1.1894431
10,1e-04,1.1627165,1.1898443
11,1e-04,1.1609818,1.1889062
12,1e-04,1.1599743,1.1859603
13,1e-04,1.1567086,1.1845825
14,1e-04,1.156031,1.1826127
15,1e-04,1.1531724,1.182745
16,1e-04,1.1515484,1.1807206
17,1e-04,1.1490571,1.1794908
18,1e-04,1.1460723,1.1774026
19,1e-04,1.144788,1.177319
20,1e-04,1.144082,1.1744717
21,1e-04,1.1403389,1.1754029
22,1e-04,1.1383812,1.1746657
23,1e-04,1.1376295,1.172216
24,1e-04,1.1352875,1.1720688
25,1e-04,1.1338384,1.1710534
