epoch,lr,train_loss,test_loss
0,nan,nan,1.249345
1,1e-04,1.2407416,1.244018
2,1e-04,1.2377247,1.2408439
3,1e-04,1.2353073,1.2378156
4,1e-04,1.2321568,1.2361956
5,1e-04,1.2299614,1.233652
6,1e-04,1.227506,1.232264
7,1e-04,1.2240983,1.2285309
8,1e-04,1.2217646,1.227265
9,1e-04,1.2184675,1.2248626
10,1e-04,1.2159007,1.222584
11,1e-04,1.2135524,1.221439
12,1e-04,1.2099957,1.2192823
13,1e-04,1.2070979,1.2179419
14,1e-04,1.204269,1.2138331
15,1e-04,1.2026722,1.2129624
16,1e-04,1.198663,1.2111552
17,1e-04,1.1962565,1.2101662
18,1e-04,1.1940445,1.2079779
19,1e-04,1.1901405,1.2053224
20,1e-04,1.1877962,1.2051889
21,1e-04,1.1862752,1.2029978
