epoch,lr,train_loss,test_loss
0,nan,nan,1.9280957
1,1e-04,1.3055525,1.3233
2,1e-04,1.2947736,1.2984594
3,1e-04,1.2888653,1.2937797
4,1e-04,1.283769,1.2891525
5,1e-04,1.2809916,1.2863377
6,1e-04,1.2778141,1.2831138
7,1e-04,1.2765158,1.2807581
8,1e-04,1.2735039,1.2781078
9,1e-04,1.2713603,1.2763604
10,1e-04,1.2693479,1.2739788
11,1e-04,1.267219,1.273734
12,1e-04,1.2651271,1.2713223
13,1e-04,1.2640256,1.2691602
14,1e-04,1.2615808,1.2676064
15,1e-04,1.2592921,1.2659973
16,1e-04,1.257068,1.2643622
17,1e-04,1.2552903,1.2621225
18,1e-04,1.2525544,1.2601253
19,1e-04,1.2501309,1.2583059
20,1e-04,1.2485079,1.256492
21,1e-04,1.2461828,1.2554682
22,1e-04,1.2437416,1.2514015
23,1e-04,1.2413646,1.2502757
