epoch,lr,train_loss,test_loss
0,nan,nan,0.84900534
1,0.001,0.6985287,0.84963614
2,0.001,0.6984615,0.8485955
3,0.001,0.6971528,0.84879553
4,0.001,0.69672674,0.8489814
5,0.001,0.6959761,0.8471708
6,0.001,0.6954105,0.8466377
7,0.001,0.6947362,0.846549
8,0.001,0.69428205,0.8510582
9,0.001,0.69387007,0.84962004
10,0.001,0.69335985,0.84747225
11,0.0005,0.69287884,0.8484298
12,0.0005,0.6924701,0.8468799
13,0.0005,0.69244385,0.8472222
14,0.0005,0.6924578,0.84683806
15,0.0005,0.6922367,0.84713954
16,0.00025,0.6920437,0.8460381
17,0.00025,0.69176406,0.84661216
18,0.00025,0.69116193,0.8467844
19,0.00025,0.6913494,0.84618324
20,0.00025,0.6915762,0.8462282
