epoch,lr,train_loss,test_loss
0,nan,nan,0.8794701
1,0.001,0.69940615,0.8354141
2,0.001,0.6935659,0.8350245
3,0.001,0.6918646,0.83575356
4,0.001,0.6901046,0.83578396
5,0.001,0.68946046,0.8332059
6,0.001,0.68842256,0.8373493
7,0.001,0.6880645,0.8353573
8,0.001,0.6869959,0.83521265
9,0.0005,0.6867661,0.83468
10,0.0005,0.6859885,0.83523816
11,0.0005,0.68589723,0.83438647
12,0.0005,0.68574804,0.83549684
13,0.0005,0.68524337,0.8337315
14,0.00025,0.6850702,0.83317226
15,0.00025,0.6850659,0.83340245
16,0.00025,0.6846345,0.83407164
17,0.00025,0.684766,0.83347684
18,0.00025,0.6843857,0.8362316
19,0.00025,0.68452406,0.83439773
20,0.000125,0.6844103,0.83323795
21,0.000125,0.6842675,0.83425236
22,0.000125,0.68420726,0.83357847
