epoch,lr,train_loss,test_loss
0,nan,nan,1.0094349
1,0.01,0.93206185,1.0086066
2,0.01,0.8867892,0.9638641
3,0.01,0.8512077,0.9656868
4,0.01,0.82547146,0.9653783
5,0.01,0.8056222,0.9333678
6,0.01,0.7881867,0.91354185
7,0.01,0.77523446,0.9086936
8,0.01,0.7631049,0.8913481
9,0.01,0.75344986,0.8817661
10,0.01,0.74611473,0.8764653
11,0.01,0.7356669,0.88864565
12,0.01,0.73146546,0.8860275
13,0.01,0.72543037,0.8825848
14,0.005,0.71759456,0.85244703
15,0.005,0.71102947,0.86470556
16,0.005,0.70807517,0.86051387
17,0.005,0.70562494,0.85724
18,0.005,0.7035431,0.85830295
19,0.005,0.7009916,0.8603035
20,0.0025,0.6988832,0.84936917
21,0.0025,0.69668996,0.8510336
