epoch,lr,train_loss,test_loss
0,nan,nan,0.8877534
1,0.000125,0.75607604,0.8510766
2,0.000125,0.74815124,0.8463835
3,0.000125,0.74521536,0.84459424
4,0.000125,0.74485767,0.8431753
5,0.000125,0.7436393,0.841681
6,0.000125,0.74261636,0.8405267
7,0.000125,0.74196756,0.840281
8,0.000125,0.74146616,0.8403294
9,0.000125,0.740914,0.8395661
10,0.000125,0.7401795,0.8387425
11,0.000125,0.73975223,0.83866423
12,0.000125,0.73916256,0.83873874
13,0.000125,0.7392084,0.83765274
14,0.000125,0.73835254,0.83720666
15,0.000125,0.7387622,0.83674103
16,0.000125,0.738343,0.836172
17,0.000125,0.7377831,0.83704156
18,0.000125,0.7375702,0.8366962
19,0.000125,0.73733723,0.83624196
20,6.25e-05,0.7367145,0.8363492
21,6.25e-05,0.7366256,0.8361343
