epoch,lr,train_loss,test_loss
0,nan,nan,1.1692637
1,1e-04,1.1370175,1.1624304
2,1e-04,1.1351864,1.1621457
3,1e-04,1.1333694,1.1601778
4,1e-04,1.1315597,1.1572806
5,1e-04,1.1296426,1.1591128
6,1e-04,1.1276097,1.156205
7,1e-04,1.1256276,1.1551872
8,1e-04,1.1250387,1.1545367
9,1e-04,1.1224288,1.1533281
10,1e-04,1.1204697,1.1525444
11,1e-04,1.1180692,1.1511432
12,1e-04,1.117431,1.1503918
13,1e-04,1.1165698,1.1490768
14,1e-04,1.1157342,1.1474385
15,1e-04,1.1129837,1.1446491
16,1e-04,1.111,1.1454195
17,1e-04,1.1098852,1.1434346
18,1e-04,1.1084473,1.143346
19,1e-04,1.1069864,1.1431729
20,1e-04,1.1051623,1.1421065
21,1e-04,1.1046087,1.1410608
22,1e-04,1.102087,1.1404148
23,1e-04,1.1013739,1.1386423
24,1e-04,1.0984136,1.1379561
