epoch,lr,train_all,train_hard,train_semihard,test_all,test_hard,test_semihard
0,nan,nan,nan,nan,0.32455933,0.7431227,0.46057445
1,5e-06,0.23876558,0.56245214,0.41963756,0.31620628,0.74019754,0.45964235
2,5e-06,0.23626497,0.5591532,0.41996,0.31575993,0.7407743,0.45975676
3,5e-06,0.23642837,0.55500287,0.41738638,0.31399405,0.7360651,0.458694
4,5e-06,0.23542526,0.55040103,0.41476703,0.3180675,0.7423535,0.45874646
5,5e-06,0.23365872,0.5464403,0.41288176,0.3162837,0.73607796,0.4581323
6,5e-06,0.23283753,0.54496455,0.41169083,0.31613377,0.73805314,0.45694628
7,5e-06,0.23347948,0.5372761,0.40651804,0.31344295,0.73925257,0.45687243
8,5e-06,0.23139507,0.5373242,0.40710056,0.3168315,0.7345191,0.4562026
9,5e-06,0.23048486,0.53318775,0.4049458,0.31537876,0.73989004,0.45680124
10,5e-06,0.23041506,0.5320466,0.4037121,0.3185704,0.74153554,0.45589834
11,5e-06,0.2282061,0.526678,0.40140438,0.31702572,0.7400013,0.45693722
12,5e-06,0.22796485,0.52289903,0.3985395,0.31638676,0.73748916,0.45535427
13,5e-06,0.22723031,0.51798826,0.39554417,0.31677637,0.7394927,0.45649716
14,5e-06,0.22507404,0.51863396,0.39593908,0.31561285,0.7401615,0.4573663
15,2.5e-06,0.2230957,0.51770985,0.39606133,0.3153138,0.7389256,0.45601365
16,2.5e-06,0.22261795,0.51463705,0.3943096,0.31492352,0.7429717,0.45611426
17,2.5e-06,0.2219158,0.5169325,0.39657924,0.3137641,0.73628706,0.4555684
18,2.5e-06,0.2208385,0.517075,0.39674452,0.31228814,0.7389035,0.45430234
19,2.5e-06,0.21923684,0.5162204,0.39633766,0.31340495,0.73821837,0.4547484
20,2.5e-06,0.21914585,0.51147234,0.3939696,0.31433812,0.73642904,0.4556436
