epoch,lr,train_all,train_hard,train_semihard,test_all,test_hard,test_semihard
0,nan,nan,nan,nan,0.40145552,0.76236033,0.49645972
1,2e-05,0.40067762,0.6936072,0.49005622,0.36205822,0.7195205,0.48930416
2,2e-05,0.35294986,0.68236697,0.4769703,0.34272775,0.68825924,0.4783291
3,2e-05,0.328432,0.66753644,0.47699097,0.328505,0.6732055,0.47580478
4,2e-05,0.3130395,0.6481479,0.46885383,0.32011724,0.66587275,0.47163862
5,2e-05,0.30060336,0.63272,0.45912594,0.31094337,0.6594628,0.46584857
6,2e-05,0.2908202,0.62693506,0.45613518,0.3028597,0.6600778,0.46436873
7,2e-05,0.2822116,0.6210565,0.45298177,0.29803437,0.65362555,0.45905164
8,2e-05,0.2781286,0.60904586,0.44333112,0.29473042,0.6564788,0.45659226
9,2e-05,0.27386925,0.5991176,0.43391523,0.292316,0.6509592,0.45273146
10,2e-05,0.2701286,0.59449166,0.42985594,0.29002574,0.6500335,0.44954386
11,2e-05,0.26600695,0.59385544,0.42896384,0.289616,0.6486913,0.44575217
12,2e-05,0.25993276,0.5862667,0.42595387,0.28587732,0.6443529,0.444024
13,2e-05,0.25691804,0.58143204,0.42291573,0.2848931,0.6477544,0.44279832
14,2e-05,0.2524263,0.5758293,0.42020005,0.28454563,0.64325696,0.439909
15,2e-05,0.24972714,0.57190657,0.41778508,0.2860729,0.64544207,0.43896827
16,2e-05,0.24656796,0.5668164,0.41483352,0.2808405,0.6417596,0.43628824
17,2e-05,0.24281858,0.565625,0.4148116,0.28218272,0.64053166,0.43326783
18,2e-05,0.23955368,0.56212884,0.41399717,0.28072354,0.6382994,0.43292314
19,2e-05,0.23590417,0.5584927,0.41225708,0.28196597,0.64362276,0.43352652
20,2e-05,0.23202865,0.5485529,0.40764832,0.2805456,0.6384837,0.4333238
21,2e-05,0.22973917,0.54713523,0.40495738,0.28175953,0.6447114,0.43357906
22,2e-05,0.2255977,0.5384958,0.40167132,0.28352237,0.64159304,0.4313188
23,2e-05,0.22455613,0.53458405,0.39809224,0.28221297,0.6415033,0.4306322
24,2e-05,0.22063908,0.52981335,0.39582047,0.28477705,0.6465409,0.42868504
25,2e-05,0.2175597,0.52542955,0.39314067,0.28268355,0.63859427,0.4256884
26,2e-05,0.21431123,0.52438086,0.39412728,0.28014752,0.6458862,0.42797175
27,2e-05,0.21196067,0.51964664,0.39065287,0.28305107,0.6458796,0.4284477
28,2e-05,0.20768921,0.5134422,0.38921908,0.28451663,0.64649194,0.42659378
29,2e-05,0.20487137,0.5101233,0.3886526,0.28647205,0.6445227,0.4256089
30,2e-05,0.20224829,0.50707704,0.3856338,0.2866471,0.6548532,0.42787874
