epoch,lr,train_all,train_hard,train_semihard,test_all,test_hard,test_semihard
0,nan,nan,nan,nan,0.31502828,0.62692165,0.42060682
1,1e-06,0.19846284,0.3331829,0.282556,0.3162918,0.622195,0.4145167
2,1e-06,0.20013653,0.318847,0.2683403,0.31600237,0.61555,0.40937027
3,1e-06,0.2000758,0.32586482,0.2733701,0.31698334,0.61110175,0.40691203
4,1e-06,0.20098853,0.33987817,0.2820192,0.31635115,0.6131395,0.40791234
5,1e-06,0.20157686,0.34804448,0.28830242,0.3172358,0.61395127,0.40775633
6,1e-06,0.2038381,0.35576797,0.2943627,0.3159634,0.6118114,0.40776896
7,1e-06,0.20145555,0.35779113,0.29616293,0.3172693,0.6134547,0.40862456
8,1e-06,0.19985193,0.36286682,0.30034906,0.31817657,0.6103428,0.40614152
9,1e-06,0.2004813,0.3654685,0.30167323,0.31706032,0.61344457,0.40746477
10,1e-06,0.19661808,0.3701375,0.30691463,0.31647113,0.61590546,0.40837556
11,5e-07,0.2005118,0.3681409,0.3037913,0.31615633,0.6130071,0.4086211
12,5e-07,0.19761902,0.3710059,0.30708632,0.31706154,0.6139146,0.40851563
13,5e-07,0.19698347,0.37155947,0.30774838,0.3171935,0.613074,0.40844595
14,5e-07,0.1964275,0.37285954,0.3085759,0.3170017,0.6153336,0.40902665
15,5e-07,0.19804317,0.3763301,0.3102037,0.31911656,0.6137716,0.4083407
16,2.5e-07,0.19484088,0.37570506,0.31101266,0.31846943,0.61759776,0.41110173
17,2.5e-07,0.19519414,0.3740653,0.3104979,0.31831685,0.6144062,0.4089027
18,2.5e-07,0.19816265,0.37857804,0.31280032,0.3189243,0.6151144,0.40927458
19,2.5e-07,0.19517261,0.37651908,0.3105842,0.3169257,0.6168492,0.40915963
20,2.5e-07,0.19806874,0.3761163,0.3100479,0.31908926,0.6156422,0.40940556
21,1.25e-07,0.1959533,0.37843475,0.31307298,0.31866726,0.61335576,0.40854597
22,1.25e-07,0.19688804,0.3789431,0.3133804,0.3192951,0.6148301,0.40862575
23,1.25e-07,0.19540927,0.380943,0.31568244,0.31725222,0.6143125,0.40808806
24,1.25e-07,0.19590072,0.37488517,0.31154972,0.31844267,0.61380637,0.40787613
25,1.25e-07,0.19575663,0.37802824,0.31338975,0.3171613,0.6139665,0.40877143
26,6.25e-08,0.1944344,0.37625018,0.31153414,0.31764144,0.6159328,0.40921855
27,6.25e-08,0.19467512,0.3831311,0.31629178,0.3181612,0.6163554,0.4088262
28,6.25e-08,0.19570215,0.3829135,0.31537294,0.3177098,0.6135986,0.4081254
