epoch,lr,train_all,train_hard,train_semihard,test_all,test_hard,test_semihard
0,nan,nan,nan,nan,0.33381632,0.7751736,0.47366086
1,1e-05,0.29088658,0.6495741,0.44226304,0.33223814,0.7697392,0.47168162
2,1e-05,0.28788924,0.64561987,0.4423345,0.33124974,0.77182555,0.47111228
3,1e-05,0.2846528,0.64128244,0.4420257,0.33261138,0.7721666,0.47031248
4,1e-05,0.28214508,0.6350171,0.43906322,0.32775238,0.7650665,0.4699143
5,1e-05,0.2800063,0.6295638,0.43630663,0.3307815,0.7734399,0.46899366
6,1e-05,0.27822742,0.626754,0.43703374,0.33044916,0.7636506,0.4685273
7,1e-05,0.27496222,0.6236165,0.43494257,0.32876995,0.7619763,0.46904382
8,1e-05,0.27222496,0.6222377,0.43611512,0.32937947,0.76634526,0.46726263
9,1e-05,0.2699289,0.62118536,0.43712434,0.33079767,0.76463455,0.46625334
10,1e-05,0.2678772,0.61851674,0.4361749,0.327293,0.76032674,0.4669309
11,1e-05,0.265812,0.61629224,0.436266,0.32918796,0.7610082,0.46614662
12,1e-05,0.26267642,0.6126402,0.4365207,0.32711953,0.7532111,0.46565473
13,1e-05,0.26035053,0.6067867,0.43529865,0.32484734,0.7526991,0.4655277
14,1e-05,0.25755388,0.6043238,0.4350702,0.3257985,0.7490517,0.46482643
15,1e-05,0.2561469,0.5997975,0.43435335,0.32614428,0.7527217,0.46452668
16,1e-05,0.25316986,0.59899163,0.43403772,0.3236771,0.747078,0.46454415
17,1e-05,0.25074655,0.59422725,0.43323302,0.32067105,0.7471688,0.46388647
18,1e-05,0.24963252,0.5848993,0.43005946,0.32140228,0.7427958,0.4625346
19,1e-05,0.24703094,0.58442247,0.43054447,0.3231325,0.7478125,0.4625405
20,1e-05,0.2463103,0.5785925,0.4281464,0.3237537,0.7473468,0.46211058
21,1e-05,0.24316755,0.57285255,0.42494538,0.32290205,0.7493213,0.46215835
22,1e-05,0.24170594,0.5668251,0.42322534,0.32447985,0.7469516,0.4615124
23,1e-05,0.24106552,0.56432337,0.4219874,0.32429913,0.74406266,0.46060935
