epoch,lr,train_all,train_hard,train_semihard,test_all,test_hard,test_semihard
0,nan,nan,nan,nan,0.36893624,0.8576656,0.48025158
1,5e-06,0.3591335,0.7913279,0.46744686,0.36264277,0.8468251,0.480587
2,5e-06,0.34479675,0.7719423,0.4671197,0.3603908,0.8328846,0.4802249
3,5e-06,0.33768567,0.7606512,0.4664705,0.35609707,0.83141786,0.48039445
4,5e-06,0.3326529,0.7501617,0.46532336,0.35382518,0.8246578,0.4795858
5,5e-06,0.3281157,0.7425908,0.46490145,0.35115537,0.81784016,0.47994888
6,5e-06,0.32447574,0.73578507,0.46476752,0.34955847,0.81091833,0.47963184
7,5e-06,0.32138586,0.7282167,0.46418285,0.3482249,0.8045773,0.47923878
8,5e-06,0.31786206,0.72090065,0.4628551,0.3462618,0.8010203,0.47890633
9,5e-06,0.3144173,0.7155582,0.46342146,0.3454592,0.80053186,0.47977456
10,5e-06,0.31203318,0.7082374,0.46123382,0.343474,0.79265267,0.47846502
11,5e-06,0.30953836,0.70232785,0.46066973,0.3414116,0.78955334,0.4779642
12,5e-06,0.30769134,0.6972045,0.45878565,0.34038934,0.7872498,0.4766596
13,5e-06,0.3067353,0.6909578,0.4576475,0.33903843,0.78409195,0.4775455
14,5e-06,0.30368382,0.68685496,0.456659,0.3389346,0.7865511,0.47684258
15,5e-06,0.30187282,0.68001044,0.45477238,0.33679408,0.7842899,0.47690946
16,5e-06,0.30039176,0.67428106,0.45284915,0.338618,0.780924,0.47697452
17,5e-06,0.2984784,0.66751075,0.4503061,0.337843,0.7844008,0.476403
18,5e-06,0.29665086,0.6651,0.44955483,0.33577237,0.7794927,0.47467253
19,5e-06,0.29522827,0.6614263,0.44746172,0.33704346,0.7783166,0.47516003
20,5e-06,0.294561,0.6591425,0.44695896,0.33534256,0.7779774,0.47500256
21,5e-06,0.29354346,0.65831304,0.446659,0.3353916,0.7774408,0.47502366
22,5e-06,0.2922623,0.65368825,0.44531173,0.33482093,0.7782522,0.47434956
23,5e-06,0.2907806,0.64902115,0.44364655,0.33643848,0.77909666,0.47370684
24,5e-06,0.28984746,0.6502787,0.44345006,0.33551508,0.77840805,0.47415864
25,5e-06,0.2890419,0.64550775,0.44290408,0.33351716,0.77416736,0.47329676
