epoch,lr,train_all,train_hard,train_semihard,test_all,test_hard,test_semihard
0,nan,nan,nan,nan,0.39967173,0.76543355,0.4961389
1,2e-05,0.43630973,0.87693685,0.49488407,0.42670956,0.9065768,0.49347556
2,2e-05,0.4196671,0.8799876,0.48959288,0.42653114,0.9211474,0.49039307
3,2e-05,0.39936,0.85264975,0.48413724,0.41727027,0.930255,0.48844784
4,2e-05,0.3823447,0.8277392,0.4807501,0.4182701,0.9438408,0.48693368
5,2e-05,0.3714107,0.80557454,0.47674063,0.4163907,0.9552597,0.48594084
6,2e-05,0.36020613,0.78214735,0.47218293,0.41614696,0.9585666,0.4842059
7,2e-05,0.3502993,0.76153606,0.46789223,0.41573948,0.9669674,0.48338062
8,2e-05,0.34116626,0.74271137,0.46378848,0.4120936,0.9699161,0.48236394
9,2e-05,0.3352488,0.725447,0.4594845,0.41525832,0.9843534,0.48139897
10,2e-05,0.32853484,0.70924395,0.4553807,0.41140944,0.9891904,0.48096168
11,2e-05,0.32179517,0.69470525,0.45104837,0.41217005,0.9885546,0.47974452
12,2e-05,0.3167983,0.6767603,0.44619092,0.41059408,0.98525286,0.4788091
13,2e-05,0.31143758,0.6633229,0.44164363,0.40899006,0.99561876,0.4781776
14,2e-05,0.30617085,0.6525289,0.43797445,0.4086402,0.99885744,0.47735047
15,2e-05,0.3012184,0.6388394,0.43315527,0.40736046,0.99812573,0.47616997
16,2e-05,0.29561535,0.6296219,0.43042946,0.40345302,0.99859715,0.47556666
17,2e-05,0.2923074,0.61943316,0.42622805,0.40560845,1.0008637,0.47468835
18,2e-05,0.28688604,0.61221105,0.42418656,0.40487823,1.0094608,0.4739094
19,2e-05,0.28217822,0.6054759,0.42231888,0.39977267,1.0033995,0.4721328
20,2e-05,0.28062326,0.59896463,0.4189689,0.39905435,1.0024786,0.47205648
21,2e-05,0.27638,0.58667326,0.41402873,0.40127963,1.0116192,0.4713871
22,2e-05,0.271915,0.5792579,0.41089603,0.39969823,1.0092391,0.47136566
23,2e-05,0.26783153,0.5697351,0.40807176,0.39886412,1.0152892,0.47037035
24,2e-05,0.26432186,0.56346136,0.40542668,0.38961896,1.0038357,0.46960443
25,2e-05,0.26124057,0.55542713,0.40255353,0.3978759,1.0113528,0.46864066
26,2e-05,0.2580124,0.54983896,0.40035734,0.39349633,1.012226,0.46846604
27,2e-05,0.25538996,0.5420475,0.39707458,0.3915762,1.00682,0.46819562
28,2e-05,0.2525316,0.53397566,0.39230412,0.39060038,1.0092087,0.46649188
29,2e-05,0.24949923,0.5291687,0.39011532,0.38939288,1.0074667,0.46564823
30,2e-05,0.24705963,0.5187682,0.3860523,0.39123532,1.006762,0.46508774
